622101199610210057
620422199403153017
622224199408104058
622225199802171212
622102199801093013
622424199502204718
622102199812128314
622225199410070316
622301199808206740
622102199301280613
622425199509133517
62210219841006101X
622102198710188928
622102199205062624
622101197603101419
622826199207180420
622101198201120347
622101198301210745
622624199611120821
623021199711095044
622723199909171719
622427199902014509
622225199808230025
622223199811181321
620423199612242813
620402199602101329
620403199403052014
622103199810253513
620502198203106158
622103198112222029
622103199903300075
622823199210012234
622103198907230022
620522199308140512
140211198603223324
62052219931104402X
622123199404150012
622102199701247919
620522199802280959
620121199403045013
620421199307210417
622421199610086414
622123198703150018
622123198803202815
622726199006162474
622126199906231815
411082198803155427
62212619880402081X
622123198508150055
622123199901150056
622421199404165306
622126199804070010
622126199411240031
620502199805311655
622125198604190033
622103198706305016
622123199410100070
622322199111100032
622125199104090620
622125198405170814
622125198709040023
622824197110180916
130633199503143477
622901197505190538
62210219880207061X
622224198401060553
622226199707291511
622727197111203511
622103198703060017
622103198501234517
622421199503200015
622826199005022918
622103198411067014
622922199310033517
622103199206290035
622101198909172927
622103198908194529
14232919901209233X
622225199510200018
41072719910903231X
622927199405052536
620521199611193717
622201199107164810
622726199506161494
622102199602205246
62212419701127242X
62212419760616222X
62212419841109222X
622326198910150014
622124199405070029
150105198410217402
620302198605190638
340323198711207813
622424199611220055
622102198508251815
622224199401012599
622101198905160013
622224199802190513
622123199612201654
622301199708094702
622322199701020016
622322197801192828
622301198109136742
622301199711153355
622102199810261816
622322199506152232
622301197911200313
62230119970527031X
622301198603261733
622301199705016733
622301198908120018
62230119981002265X
620522199611030519
622326198103052043
622301198702157579
622301199008160617
622301199206307851
622322199806030819
622301198810298942
622322198503122420
622322198506220026
622301198804231928
62232219840813022X
622322198504173625
622322198501190622
620522199609060719
622322199710222218
622301199711040051
622322198909200812
622301199710201730
622301199610243730
620525199501090173
620402200005091316
620421199710125116
622301198109032193
622322199804300619
622301198712254014
622301198309051348
622301199409177591
622323199811111812
622326199807140011
622627199503120823
622301199808250549
622301199804246227
622301198103053743
622301198311159171
620202200008220020
622301199311171319
62052219870625422X
622301198705014506
622301198505221324
62230119850203593X
622301198911242227
622201198403180028
622301198801214321
622322198808260621
622322198901302419
622323199801086123
62232319950715245X
622628199304191449
62042219930207642X
622326198911164641
622429199708102612
620102199709293010
622924199904115010
622826199601081076
620121199601026614
622628199312026590
622826199609162719
620102199708203618
620103199901051034
622301199709100019
62242419961003393X
622323199912050019
622301199801260015
622301199812140019
622301199701154418
620524199801021077
622301200005197575
622326199803123433
620602200206130896
620121199904116916
62232219990825061X
622323199802147012
622301199910213111
622224199409161521
622323199502031835
622101199402081916
622301199705022818
622301199804236731
622323198602200515
622323198309040217
622323198712050538
622301199705280235
622425199302041033
620522198508191723
622424199303043413
142625198604130455
622323198211293419
622625199807280911
622628199610250013
62262519970101341X
62262119941008487X
62012319980310875X
622630198908300340
622628198611070028
622824199105081576
622628198702250016
622621198903250026
622621198707180040
622626198405230024
622621198110200109
622621199009260312
622621198410270088
620102198510210025
622621198803291525
622621198910195029
622621198807070615
622621198902023366
622623198009010020
622623198101240646
620503198210011225
622623198302120018
612430198707050055
142723198109171818
620104198411010303
622623198408011231
622623198707130935
622623199803170018
622626199110110038
62262119960202103X
622630199806010451
622626199511030012
62262819981210003X
622621199605144019
62262419980801001X
622626198704180012
622626198508200047
622626199010180426
622625198711192015
622625199211131210
622625198106021218
622625198611152219
620104198110180296
622625198508041326
622625198612231218
622625197911142050
62262519860918182X
622625198712031723
620105198412051023
622624198512281772
622624198909201291
62262419830827003X
62040219820112092X
622624198301132398
62262419850118001X
622624198707291073
622624199004151263
622624198703231778
622630198508271384
622630198812011691
622427198702076321
622630198911210442
62262419911101001X
622630198606180355
622630198405060015
622630198402280020
622630198512241444
612524198602180425
622627198712080042
622628198708170420
622627199404023016
622624199502130019
622426199402152423
62262819991128003X
622629199911270014
621225199302284412
62262719850204422X
622627199905010651
622628198703100423
622628198611246601
622628198611122174
622628198810101042
622628198303184883
622628198909055277
622628198307104000
622628198603052348
622628198110111450
622628198804010451
622629198903101080
622629198008200023
622629197802020017
622629198503171274
622326199803260040
620123198609108110
622629198909260015
622629198603100027
620502199508106356
622629198310270014